101111011100011001111001
010110110010110100110010
100100100111101111011110
110001000101100011111010
101100001011000110100101
001001011011011000000110
000000111101110101111011
000011010001100111000101
100110101000100100011001
000011110100010111011100
011100101010100001111100
000101010100011101010110
111111010100111110100011
010101111110110000011001
101001011100110001111110
000110101000110011110100
101100010110110100111001
011111010111110110011110
011010111011000101001010
011101001001111000011100
111010001100010101110100
000100001111110110111011
100111001101011010001100
101100000011001001111100
011110111000000010011100
000111000101010000110000
101110001001101101011000
111110010100101100111110
111000010000101111010011
101100001101011001010011
001101011000110010101111
001101101011010100011000
010100100010001000011100
110000100001001011010001
101010101100001000001001
101000000101101000101100
010110101101010100011111
001011000011011111000101
010011001111111110010000
000110001000001000111101
100010010100111110100010
011100010100010100011010
100101110010001000010101
101001111010101101101010
111010001101000011111100
100000010101001000001111
010011110101100001101110
010100001000011010010000
010011000110110001111110
101001101110001010011110
110100001110100000101111
101000101000110011100010
010000111011010010010000
001110011001101100111101
011000111110011001110001
111011011100001111100110
011000110111111000100100
011110100110111011000100
111110000101011010010010
110110011011011110011110
010101001001000010110100
110011110010110010000011
100100010111101010101001
101110011101111101111100
101111110010101100011000
010001010100010111001001
010101011001011000100000
011111000100000101010011
010011000011011110111111
100101110111000101001011
000110110111111001110101
011011111111011100110010
100110010001100001011110
000100011110100111000110
110101011110011010001011
100011100100110001101011
000111110011101111111011
100001110110101101110110
110111111000010101100100
110110110110100010101110
101010111100010111101010
001001011000010100101001
010010101001110010111110
010011101001111010110100
000001111001000010101000
000110011101111001100110
001101001110110110010110
100111011101111010101111
011000010010100010111111
011010111000111000001011
101011111101010010111101
001010100101001011010111
000011010001110100101011
010010010011000111110110
000110011011011010111010
011110110101010101011010
010010111001001001011011
100111001000101011101010
110011011110110111110101
101100110101000110000101
101001010000001110000111
100100110000010001000001
110101000100110110001000
010101110110001110101011
100110111110011011000101
000101110101100110101010
110100000110110111101001
100011011011000111000010
000111111010001010000100
011110101011000101000011
011101111110101101110110
000111110111001111001110
010001111110000110001001
110110011101101000001010
101101111010110111000000
010100101001111001001011
101011011111011000101000
110100000001110011101000
001100110101111001111011
001110000010110000110000
011100101101011110000011
000011110011011001010111
000010110001101001111111
001010011011110111101010
101010011100011001101100
100111011000101111001100
011000011100101010100010
111101100011101110111011
101001001011000000011111
000001101101110101111001
011101101101100011000001
100011110101001101000011
101010110110010101000111
001110100100011010100110
111000110110111001100101
001100100001001001110000
100000010011000011111101
011000111111000101110100
100101101110011101100111
001111100101110011100010
111000100011110101000011
001011000000110000110011
010100110011011101100110
101101011001011110101000
101110100010100011001101
010000100000110100011001
000011010101000101010001
100011001000010100001101
111101101000111010010000
111010010001100101101011
011011000011111110000111
010000110011100110101011
011000001000000101111000
011010010011001010111111
010000000011100101010101
000110000100000001001010
111111100101110100110011
111000100111001110111001
110000010000010010100000
001111001011101011001111
010011011011100111111000
110111111111011001011000
110010001010110000010000
010000110100010101111000
010000010000010011101011
000110101100001100101100
101110001111011110001011
010000101000111111101101
100100010100101101000010
010001011010000110111100
111101111010000000001100
000111111011001101101011
111100111111110000011000
111101111011011011001110
101010111101101101100101
001110101001110110001100
010100010001000110001000
110010110000011011110000
001101000010001000100100
011000001001011110011111
010100001000100000110000
010011010111111010100111
100011110010100001101010
011101111101110001000010
011000000100001111000010
110100011001101001100001
000001001011011110001011
100100111010110001000011
010001110101100111000000
001100001100110010001100
011110011101100010110010
101110101101010011101001
101100000001110111111000
010100001010000101101011
101100011001010100101111
001111011101110110101110
010001110001000011011010
000100111000011111100101
111111111101010001110110
111111111110110000100110
100100101000110110111010
001001000000100111000000
001100010010101010000000
000011000100111100010110
000001101110011000011111
000000010000110111111100
001010111000010111111111
111010000111011011111010
101111001011000110001010
000100000111000111010011
101011100001011110110101
001111001001011101100000
000110101110110001001000
010001000011101000101101
110100001000101110001101
000001101100010111011101
111110100011110001011111
101101110110001001111101
010000010111110000101010
101000000100101111100000
000100111010001011001111
010111111101010011110100
111110011010010010100001
101100010100111010001001
010101110001010010111111
110010110110111011101000
001010110110000101111111
111100011101111011110000
101111000111011001110010
111010101110010001100011
001000001110011110010011
100011000111100010111101
100001001001101100100001
010000001010110101001101
001101001110011011100010
111011111010101000110110
000101000111101111100000
010001110101000110001001
000100110100100111101111
111001111111100010011011
010010001011100001101111
100011010011010011000000
010100110110111111011001
110100111000010100110110
101101000001101011001100
111001011111100111101010
100001011000100001110000
011110101011000100000100
111010011010101011100101
110100111100001010011001
011000111111100000100100
100000011011011011101000
101000100011101110011010
100010010110111110000001
100101010110001110100001
010110110010100010110111
101110111010110111111011
001100100011101111011001
100100100001001010011010
001001011100110000000111
001101000101011010100010
110010101110000011101001
000001010010011001111100
111100000000000100100001
100111000110010010011101
011101101001010110011011
011001100100010101111001
110111100100010110111111
011010011010000010110101
101110001110101010110000
101100111011110111101101
011011011101101010011111
101001111001110100101001
000101101110101101100001
111010010101101001001110
000001111001111011011010
111111010011101101100100
111011011110110101000000
000010101011000110011100
010011110110000010010110
111010010111010010011100
111101011101101001000101
101001100011001011001110
000001100101101111010101
111101111011000011110101
010111111001001100010011
001001011011111110111011
110111101010001111110011
010001101100110100101000
101111010100010011110010
001011000000111110000011
010110111101111011000011
000100100011100000001010
010001111010011110100110
010110100001010110000000
111000011001010011000010
100111100011001010100110
000101100101010111110111
000000111100101100010111
110101011011110010011110
101011000010101111110010
111011100101001011100100
010010111011001111111010
101010010000011001101001
010010100001010100101000
110111011110110001110010
010100100000111000111111
010010111001111010001101
010110110101111101011100
110101101000100001000111
011111010001001001110011
100101000101011100011011
111110110000001100100010
100001000111101000101011
111000011011100111000000
001101011011000000110101
010111000110110100100010
011000000011100001101110
100011111001001110101001
000101001100101110010101
101010111100010000001100
101001001100001100100001
010001000111111101110110
100101111101111010111001
110110010100110000111110
011001100110011100100100
100011010011011001101101
100101001110000101011011
100011011111100001001100
011100001110111100101011
010001110000000110010101
011001100101000000000110
100111011101001010101101
011101001111110110010001
110011110110111111101010
001000100010110100001001
101101110010110001101110
110000011001001101010000
010111101111010110100011
101101011000110001011111
000000010011100110111110
001101111100101010001101
001101100000000010001110
111000001000111111000000
111000011100000110101011
100000001001011011110111
111001010011111100100011
000101110100110000111100
000010001111011000111001
101100101010001001011111
100111110100110110101001
100110100100010110100100
010001000110000101000001
011111101001100000000001
110111110100101001100000
010011111100010101101110
111101110110111010010110
011111100000000010101001
110001101010011010001010
101011000111000111000000
100111110000111111010001
111011000100111111010101
110001000001011011111001
011001101011011100101011
010000010100110100001110
100000111010010100111001
111001111000001111100000
111001001110101100101111
010100111000110110001011
010110100100000011100001
101001011100000011010010
011111011001101010100000
101010110000100100100110
001110111000111100000101
011000010010000101101011
110100011010101001011011
111000011011111100010001
111001101010011000111010
100001100101010000111011
110011101010100110011101
101111010010111101111111
111111001001111100111011
011101111010000110111010
000110010010011011000000
101100000111100100000011
111010111101111100100110
011000110011001010010001
001000001101011101110000
001111010000101101010110
110101110000010001000011
111100011000110101110111
010110010001111000001101
100111110101100101101011
100011100111011110011001
100000001001110001110010
110101010100101000001010
011100101100010001010000
110001010001011001001110
010111111101110011110010
010011111100000101000011
101111001100011111001001
101110110000111111101010
000111011011000001000111
011000011001101010110110
111011000110111110000110
100110100000100111000010
111011101101001010000100
101011000111111111010010
111100100110100011101100
100101100010111001000100
010000101101100011010101
111011010100011010000101
111011001010000110000000
000010110110110101000010
110000111111110110100000
110101111011100010100110
010111011101000001000110
011000001010000010110101
100110000100011110001100
101111001101011110000111
000010011111111101101110
111101100100011111000101
101101101000111010011011
001011111000111110010110
100001011010011101010010
111010111011001101000101
111001110101000100011000
111101101010011111000010
101001110001111000000111
001110111010100000111111
111111110010000011100001
010001010000101101110001
010000011110001011001100
001001000001100011011001
101000101000110100100000
100011011000000101111000
010001000110101110101010
101000100110100001001000
100110011101000101111000
100111000100011010101101
111001001011010011010110
101100001001111010001000
000001110001101011010110
011111101011101100101000
110100010011101011000111
110111011101010001110110
010010100011001110100000
110111000101001010000110
101100101111000111100001
101110110011011110010110
001000101111000001101101
011100001100010111000001
110000101111100111001110
001110100000001100001110
011010010011111101110000
000101101111101010001111
100101101111001010101100
110011110001101110100011
101001111101001110001110
111001110100101111100001
100101111000001111001000
011011000101000100000011
101001111110010011100001
100000010010010000010100
101011000101101010011000
111111010111011100111000
100110101111110100111000
010110111001001100001111
100010100001000101011010
101010110010111011000111
110001101110000010010001
111010011001000000110100
111001001000001001001101
110101000011011001011100
000101011001010100111000
010111110101011100001001
000000011100001111011000
101000110100101010000101
011010100100011110110010
010110000101011001110000
010011110111100110100001
001000100111100010001111
001111111000100001111001
000001001101111000011011
111010001001100101110110
000110111111011000010100
001011100001100010001101
011000111110101001010001
100101100111100000110100
101110010010101110111111
001000000001100101100100
010011001011010001011000
010110100001100011111111
101101101100101101110010
000001111011101011111011
000010101111010001110000
010000110101001111111011
011001101010000000101011
010000011000100011001101
001001111000000111011101
101000000111010011010010
000010100110101110000101
000000010110101101110110
000100111010000110111110
111111100100000110110001
101101100100001001110010
011100000001111100110010
011011001011001000000001
001001100100010010011111
011100001111001111111000
100100101000101110100101
101100101011110100010100
101010110001110011100110
110011010000111100101100
100001011011110110000010
110010101101111011101100
001011101110111111110010
101000101111010010010011
000100010000101101101000
010100110001011111011010
100001001000111110001111
100110011000001101110011
011001001011111001101011
001011110101000101010100
011011111101101110110100
010000001111011001001110
101010110101011011101001
110001001101101001100110
101101111111001000111111
111011111111101100001000
111111010011001111011100
111010101000000110100011
011101110101000011100010
000001101110100100101001
000110100101100010001011
000001100111010001100011
111011010001111100001010
000010111100101010101110
001101101101100011011010
111011110100110111100000
111111111101110101100100
011111101000100111101100
001100100101010010100101
001110011011011100010110
010001000010010110100010
010101001100110000011111
011111001110110110010111
001101101100110010110010
000001001100101110011010
101010001011100101011011
110000101110100010000111
000011100000000000000011
100111101101100100110011
111111110101101110001100
000001111011010010001011
001111101011110001110101
101111101100011011100011
010001110100110000011101
000110111000101011101001
010001100001000000000110
010110101111101000111000
001100011111110010001001
010001100110011100101001
001101001001101001110100
010111010011011001001010
101001111000110011100010
011111010111100101100111
011100110101110111111000
111011111110100000110010
011011110110101001010010
111101111101001011001101
110111101010000011011001
110010101000011000110011
100010000011001010010101
001010100011110010111111
111111110101100101101011
101110011010110110000111
110011101101001100011110
110000101001000001100011
011110101101101001000100
111010111010100100101010
100010011111111011010101
100011011101100101111011
011111001110000010111100
100111100010011101001000
100010111111101111000000
000000110111100110000101
100111010100001111111101
101000000101110100101100
100110011011010011101000
010100011000000011111010
110010010011111101100000
101100011101111101111000
101010100000001110110010
111111000001001000110011
010110001000100010111010
100101011100011010111110
110111101100100001100100
001000101111101010001010
010010111000100100100011
111111110011011010101101
000010010101000000011100
111100010101101000100111
111101010100110001010101
000111100001111101110100
110111011010111010100001
100011101010000010101101
011001000100101101001111
010100001000110001000101
000000111001010011101101
010110111010001101110010
101001001101101000000011
111100111000110010000000
000001010011111000010110
110110101101001010010110
110010011111110100111101
100011010111000011010010
100010011100011100111100
010001101111101101101111
100010101010111111011100
010100011011010000011011
111011010010111111010000
111000010111110011101000
100000111111110101010100
010011000010011000011111
001000110100010010010001
101000010011101011010110
100001001000100010001100
101110101110000000110110
110101101100101111101111
111101011100100101110101
001111101011111010100110
111001010100000001010101
000110011011000011000000
100101001011110100101001
011001101011001101110100
001011111001000111101011
000000110001010111010010
011001100111110010101110
011010001010011000101001
101101110000011100000000
100110001110101111001111
011000010100011110011111
010010001100000110011101
000101011111000010011000
001001000001100110111000
101101010110000001110011
101100000000110011100110
000110111011101001101111
111011000110011111110010
100001000011010101110100
101010000100101000100101
010001000010111001000100
001101101001001110100101
010010011011000011100000
001001101101010110110110
101010000010111001011011
110111000001101100000001
000110110100111111000011
010010100001101001011111
011110001000010000010110
011101111001111100100101
111110101110100110010000
010011000110111100111101
111001101000001111101110
011111110010100000100100
110101100011011111000011
000001100101011001111101
111100000100101010001100
111100000110110100101111
110101100001101000111110
101010101010110001001001
010010110010001100010110
100000110011110011011110
100111000011111010001100
010111001101001101101111
100111111001001001111000
100111010101110100111011
001000100110000110001100
100001000001100101111111
010110110100110011010101
100100001010111110100110
111100011011111010010010
000110011011010100101001
001000011111001110000011
010100001010100010010001
011111011100010111110010
101011000000101011010011
010001111000111111011000
110001010101110000100010
101000100111110000111010
011111100100100100000001
010101101111011010101110
011110100111100000100001
100011010011001001111100
111100010101001111000100
111101101001110101010010
010110111000110001111011
100100111111100001000110
001001011011101111011111
110100001101001111010011
101111101101001000011111
110111101100011001100100
001001010100001001111111
101001100001101001110111
010111100011011101110101
001101100000101111111000
100000111101000100110000
111101001001011011000100
110101010001100001110111
011010010101001001100000
111100011110101111100001
010000010101101100111100
001100101001111101011010
111101100011100010011010
000100100101100010001000
101110010110100011011000
100001110100001011101010
101101010000101111100101
011001101010100011110111
101110101010011010011100
010001101110011100010101
000011000000000000101110
101100100100000111110111
100011001111001101001110
110110100011100010101010
010011100001000110000011
100000000000001001001110
111001000110101101111001
001110011010010110110111
000101110110101000101100
101101100100000011100110
000001010011110010000000
010010000101101001101010
011001100010101001100110
111001110100000000011011
010010111101001010110001
110111010110000001110110
101011010111101101101001
011011111100000111010110
011110101110000001000100
111101000101101011111101
001111101111000110001101
100010111111011000101010
010100101000010100100010
010101100011011110010100
101111101111001101110101
001000011011000010100001
110011101110001111111111
010110011101111110011111
000101011101011111100101
111000011110011010001101
010101110010001011111001
100110111011000011010110
110101001111000111011111
010011000101001100111010
101010011001011101010110
111000110011111101000100
000100010010000011101110
111101001010011111010011
111001101011010010100011
010011000101010111001011
011101000110011010110110
100101110010110001101010
001111001010010100001111
000111111010000101010010
110001100111010001110110
010010001011101101111001
001101001111001111110100
010001001000111101000111
100100010100011000010100
001100111101101010000010
000110100000010001101100
010110011111111100111010
110000011111000011110010
101111100001001110110011
010100001111001110010011
001100001000001110001100
111110011101101101111111
100000001100111110100001
010111110011111010100000
011011110110010100001111
101011011010101111111111
001010110100110010101001
001100110001101110111011
000000011111011111100111
111011111110110011001000
000000000100010101001100
011000111010110111110010
111010000111101111000110
000101001010001100001011
111011011111110010001000
111111101111001000010110
011010001101110101000001
001100001010110111010000
100011001100100100001011
111010010011111001111010
100000010001110100000111
101110101011100001100101
110000101011010101101100
110100000101101011110110
101111101101101011100100
011010100001000010000001
110111011101100001011101
100001010010011010011100
010110011011100110110000
110001001100101100010111
011011110000001010101100
010000000011100001101001
000001000000101101100000
000111010101110110011001
110100110010101000011000
001010101010010101100101
101101000101110001110010
100011010110010111101101
001001100000000111101111
110011000001001000111110
110110100010101011101100
010100111001110000100000
110111000100010110011111
010010011100100101011010
000010000001100000001001
011010111001010011110100
100110010100100000010001
111011010000000010101100
000010101110010110011101
011101110010101101011011
001011110011011000100010
110111111111101100110101
011100110010011001110000
001110100100010101100111
100001100101010110001000
001111010101111010010011
001100111100010111110111
110100101110100111100001
000000011100100010101111
111011110100001100110100
111000001111100000111011
100110110010100011111011
000100111111111001000101
010110100100111011010110
011001100110101110111101
000111001001011010000011
111100001100011100010101
101100100010010000111010
111100101010001001000010
010101011011100111101110
101001001010001110011011
001000011111001001111001
010100110000110101011111
101010001010100100110101
001000110101111011000001
100001111010111111101010
001001011101110010010011
101111001001011100011000
101011100001110110011110
111010110101111100010100
011101100100010111110001
111001111110000100110101
000111101101101110100010
000011100110000111100010
001111001011110011001000
100100000100101101111111
000011010101101011101010
110000100110011111010111
111010001000001011010110
010011011101110001111110
010011011101101010110000
011010010011011100100000
111010011010111011111111
111111000011100100000100
001100101110110111011110
010110011001100011001110
011000111101000111010011
010110100001100001101010
011100010011101110110101
110101111101101000001101
000001000011101100110111
111100011001110111111110
010010101111100110111001
110011001101100100001001
110011000101001001111110
001100101101001111000000
011001110100110001110111
101001001000101110100000
101001011101100110010110
111101110010011011110001
110001111010110001000101
111110111010100101001011
111100001011100100100101
100000000100011010111101
000111010011011110011011
001000111111101011101001
110010100100000110111101
001000001001111101101101
100001111011000011010110
001011111110111000010100
011100010111100100100101
111101011010110000001111
101110111101100101110110
000000110001010110001000
110010011000101111010101
001001110001101011101101
010001101001100000000011
010010010100011101110101
000101010111000100000111
000111111101101111101100
010010101101010011011100
010000001100001111001110
110110111000000101001100
110010010100001111101100
110000010101011111011100
001100110101110000001110
001101010000000111111101
000011111010011011011001
101110110100111010111000
011110001111100100011000
100111001001101101011100
101000000000110100001110
001100111111000111011100
111000011111010111110011
100101000011100111011011
110001001100110011011010
111010101100101000010110
011100101010001110011110
100101001111101111001101
010010000111001101101010
010000000011111010110000
110010111100111000010000
111011100011111100101110
100011101001000110011010
011101111100000100000000
100010100111000101101000
001001000100100101011010
001100001000100100001000
011111010101110010010001
010110110111001110001001
011101010110100111001011
110110010101011111000110
011010010011000111011111
001110000100100010010001
101011010011110001111000
011010011010111111100110
000001110001010010111010
110101110110010001000010
101111101100111111001111
101101010001001110101111
010101010101111011101110
110100100001110010111000
000101011111111011010010
000011110001111111101011
000000100101001100111010
111000100111001001001000
111001100001000110010111
110001111000010101000000
110010100010110100110110
100001100010110011000001
010000110100001011110000
110111000010110101111010
110010100000110010010000
001101000010011101110111
001001010110000010011110
001100101110001111101010
011010111101001111011111
111001000110111111010000
001001010000110010011000
011111111010100111110111
000010000110010100011010
010110011011100100110010
010100011000110110110101
111110000101110100001000
111110011100110001100111
101011011001000111010110
011101110100011010001101
101000011111001111110110
100111001011100010001010
001110100110110110000011
001000111111100011101110
010011000110101101111110
010010010110110100010100
110101010001101010000100
001101010011100100010001
010110001111111000000111
011111100000011010100011
111100001000000011110010
110000111010000101001010
100000110000001100101010
110110011100000010011111
100101011011010100000110
101100010101110010000011
011101001101000101100000
000001101100010111110110
110110010010001000110111
101111001110011110011101
101010011001011001110111
100000001101000100101101
011101100000111111010000
100111010000100000010111
100010001001101000011011
111110001011000011000111
010000011110111010101010
001111110011010101111001
101111101011101000100011
110110100010001101101010
110111000000111010101001
001100001101110111110101
000110010011110011100101
000101001111001001101110
110001011100110111100101
111110011011011101110101
110100100101111001011011
100000010110011101000011
001111110110101001000101
000110000011100110111011
000001111101110111111010
010011011011111100111000
111000001101111110101111
101001010100100110100100
011001101000100110101100
011100100011110011011110
011010000100111000011001
101111111010010010110111
010101000001110101100010
001001011110101110000011